134757940638
180207302267
134555307864
189961838956
134266504493
134717035938
187673195313
180342015752
130022649807
187495250109
134032464435
134653910243
187523068778
187743724007
133087379550
133150012142
133598242391
134465261764
189311763350
130377559638
189751250065
189107144518
189593533269
189016899156
189890353166
189979736013
133351137091
130917492728
187073169264
133160877329
187053813692
187732015437
180923904769
180053585938
130708596186
133467518056
180336650604
130994701828
133506764220
134205994265
187836735137
130488947024
134312082492
189913472419
189308813584
133791302951
134484503950
133065499218
189778648184
134720426388
180343944527
133646057348
180643260122
189952848391
133657905435
133525623011
130836230289
180552210451
134884396920
134769340454
130723163148
180249765288
180004766037
187075537774
130766278241
130042386183
189076650975
189876850879
134532309256
189123764847
189525370849
187410454337
130815502893
130449710649
134449973313
180497668564
187703378511
187318268378
187791803077
187493459583
180930406141
130682386844
189115809955
130477663025
130327027995
189976474827
189363709177
180798800821
180590231849
133247771738
133188215628
133608046171
187627932437
187494358758
133119832234
130552874262
130728990107
133914061739
134908224658
133922825085
133734586407
134650724315
180668711874
187467093201
187643379372
187659933846
189180877678
187450060999
187708934839
187661051253
187909835570
189593268803
180769780748
189819423610
187195822120
189992841035
189290771869
187749390981
134650665182
130005939525
180044340899
133155624230
130590655514
189763498961
133518670502
180968027692
130024305217
180968060994
189398490878
133129468803
187078140103
189116893002
134052676484
134734181520
187201905373
130614962168
189880456391
133779192786
130364414361
134319566294
180202684002
189160465785
189460306649
130845750196
133656529125
130418805199
133551164018
130687765063
130059457807
133299809820
187447003649
187652695332
133383199933
180872262103
187919724267
187234631986
133384267956
187942536224
187222151486
133726628164
180914579006
189504200367
133969194658
187685893888
134639281580
180578153348
134966203445
189902871833
189223105356
133785609193
130151501460
180841228763
130771015344
133988375455
134667028108
134286111991
133597579587
187968687190
189316417332
187096539446
187724308563
133095482713
189498972754
133259929109
180180720974
133097818275
130309629396
180360131995
180666972216
130129799992
134377934276
134311632784
187133879837
187890492508
134586851182
134201169544
134425179972
133980539190
180441642883
130832630950
189781420704
189820131819
130663937106
133442291037
189421770047
187307796561
187387807091
189501046455
180318541724
134665292694
133784303910
130487748781
189565967472
133362038235
189463000363
134159604409
180705065930
133646417179
180713959559
189148137941
180513350736
189877851378
180279296769
134650012137
187145549953
134502103199
180679780625
180422840648
187938242276
180756368269
180140979673
133263144903
130469671266
187662331174
130231660299
133247757159
180625981661
187524618192
187511553407
130958663819
189118056634
133510702727
130857754180
180878367069
134887949555
134490166581
180314970166
130430205155
134608628758
180226687711
133466621364
130423338792
130284950393
180947703135
187841909883
133621209418
134152972583
133184103751
187638251302
133653482371
134328777868
133491308461
134810700201
130763425444
130847425543
134561111675
133877344388
180284690407
189057260988
189797357372
180984809881
130450145693
187192219837
134530747462
189628690605
134189869780
130094656187
189231138756
133106472154
133099157651
180288381676
189196123839
187521779639
180954866561
133961654138
133640545100
134477977631
133072051152
133500572517
187181056699
189676317075
180068213016
189940816032
189129549647
130717934659
133442025046
130968045658
130276750203
133843170532
189596156817
187528102754
134016863340
130677430299
133120497747
189312133318
133866426970
134622882199
187884702003
189961730670
130563618971
133304449936
134073396983
187064735278
134528868366
134804317384
134890576463
180205673884
130725259935
130307584393
180030841079
130027711262
133046313463
133565222501
134664647096
189892581234
130112276143
133821464309
130538675460
189751473306
133497221607
130845052604
130337376007
133290848235
187363406955
189506774758
187436985996
180322021710
134586271917
180884072552
133711949731
133767032889
130388295841
133856526345
180220643960
133861776779
133445810773
130050779002
189995546576
130837559181
133686763496
187130118515
180985057304
133164430157
130600006103
134268902303
130488425665
187989788070
130456613503
133530781720
180488292104
180147037241
180745833689
130953616855
180447240036
134888041398
133783824370
130590757225
180659093952
180847713090
189132156314
133489090999
134525760132
180948305971
180506511969
134273613933
133906583949
180589287996
187526567488
180472987022
130937614561
134451466789
180345105729
133021851770
133628935598
187448894135
130162645243
189487895317
133840740984
134481176652
187568136634
189072873141
187311874246
189191754423
133948001975
189665925960
180672701869
187170019507
187899973525
134168676897
134080893434
130330026341
133472659483
189004978237
133095126335
189778303935
130846069548
187598481263
187025963912
130018985243
189138180360
180261240761
180586711760
189416020739
180099224409
130637861155
133782937146
180845348079
133069602415
130350338522
180249831206
189514947747
130402809152
130649442288
134118418569
133818347318
189581704529
180029418078
130341382559
134762195368
189164977721
133691145628
134232338204
134103539028
189419112124
134945933159
133772940310
134308599066
180269953949
189859545248
189942031909
133184737570
133192035163
187515766926
134340716555
180782264933
187081417565
134797702413
134395227077
134918977906
187347247363
189617427785
134445434467
133635279402
130983409718
133981360432
180463316381
189806190735
189432287301
180973936232
187562631200
180527093888
189572610083
133971957468
180251095248
180845559964
189565107358
180202091751
189603859311
130114518008
130053440311
187273196849
133148060804
189378579142
130783200281
187708259050
187562508351
134552771962
130992922513
134632352970
180740976314
133632356957
130940796720
133642244815
133598248233
189149318614
180217301753
130313355463
130120883397
189074533539
130636957286
187499049932
130010473669
187178807649
134840090394
187669497161
134161276682
189183994370
180696525396
187023390508
189855600021
130217120487
187826831387
180314594984
133026107733
180880181710
130983041690
133716013879
134877439645
133621138941
133319521606
180498846122
130509340029
133922790150
189324296063
187481329692
130916645626
187825732219
187552478182
130234192316
187277058544
187840169176
130408249847
180210436470
187116708694
133448914295
130287096477
180165750801
180532569424
133299655509
189818545644
187175935500
134798366784
134236229190
134532301589
187648287713
189473160679
133181274440
180580973737
134040940228
130946577434
187504519626
133875221432
133739995379
130002180481
134227820707
189689441183
187389715501
130439112883
189262122213
133785734432
134886169967
134462954736
187154594494
134011136178
180211659429
187469505958
180015713753
133487103292
130994652334
187412931539
133840870401
187520823952
189590574660
189911611451
133898008386
189799142055
180912392995
180651776791
187455005182
180828342951
187861516978
134737246033
134070767386
187118268467
130164044451
133937352467
180259196865
130304764470
189969648561
187611487379
133725455641
130434342272
187502657155
180142955875
130211512078
180752630303
134276029208
130794900125
189111554834
130531690057
187197971661
130144301906
130100959392
133722814010
134921520066
133879702330
187817272828
180033067381
134795013664
133206162065
180604892818
187390044352
134643786495
130500666396
134719165817
133344575904
189165266128
133158125292
133533632721
130076347463
130991651927
187938206117
134799130765
134960833765
180090064261
187583101915
189493294169
180752002466
189878799687
187399633790
134800730356
134721539685
189828600128
134690970311
180047378971
189260871288
187029234615
180643802811
180387346814
134307407126
189491999374
130875749979
134686206923
180321641302
187142911689
130152697727
187314568175
189683276564
130738714937
187467213778
187592934086
187475924131
133169998945
187808213965
187380163407
134419053317
130135480610
180462496605
189542136820
189405037526
187387930992
134025053123
180600608824
130135748691
180411061532
133026258289
180047178042
130785813645
180010726324
130023375281
134487884978
189381526633
133414466800
134461571473
180441204974
180460569227
133648762182
133861146395
187974098624
187236128197
180732727269
130513896334
189646001222
187566235535
189559317498
187735087521
189587981177
134289836286
187962323100
133068913042
187220144623
133036467314
134547456615
180277134851
187261840517
187517247711
130951480797
134419734138
130470236450
130011156744
130579056126
189326473372
187858088018
134111849624
189881008743
180911226341
133528918164
187230753170
180134503284
133155219567
130696165598
133600371299
187488530181
134297551638
133514699007
180200803165
189409874537
130504848704
134479434740
180675671346
189668835649
133412709243
134560246970
187643667150
187437090815
130163855142
133998882159
133094498339
180193236376
180231537892
187381638221
189957790550
189994200262
130653953645
130393465567
133640140770
187998779678
133840311090
130154826655
180871208751
180268877398
189170627365
130134513668
189971108255
134804120552
180262015685
180899855731
189662425192
189733991565
187264421528
187998862581
180805124009
180825457542
187841376899
130076579585
134099745369
130468732052
180715216916
187739205342
189376872241
187314397357
130389099455
130959988963
133561461863
189731672251
180427152756
133322552038
133035008511
133689568117
134273927882
130560785551
133846443991
180584021714
133131740493
180155404575
130429841479
180487168885
130362003162
189880534394
180464357792
130157284086
134379047103
187406892692
187904246677
189123281338
180744187846
130985005290
187807435267
130641531635
189415581952
189459621866
189128036065
134733657750
187318918723
130727408519
130818909672
134449782305
133772666278
134348308658
189847196431
130981949862
180580520429
180101027467
133377269715
130633442358
134526967066
133862256254
187614131358
133693369205
130650528476
180812463510
187591515652
189798594736
133150807401
134687199618
130070605773
134283059420
133649291469
133756505283
189788612417
189982509808
187912077443
187324828836
187671380677
130495230839
130146706231
180539862402
187902582023
180782459177
180887198811
180153214202
189995744943
130246267429
189862058983
134061573169
133164529554
130481150615
189917731471
130983739452
133433309404
187997140679
189727797452
189409536573
134761023906
134104283258
180905998653
134036137325
133026419835
133148232480
134150854717
134831289762
187890932224
189009909684
189016122368
180301969841
134434301261
180425343642
180861837763
134756691190
130390850006
130060146871
133665844615
180409541718
130345851836
180517267213
180923226300
133977033076
133260679277
180396045362
133293704181
134945359883
130123646165
187802029830
180514687357
133566765227
187845169036
189354487235
189172519853
189988288689
130007007120
180373160984
133870253765
133649910413
130151401423
187205588593
189294288999
134631659851
134767890488
180906612134
133673452319
189727988300
187427018945
189008867427
187070619853
130757887823
187498966633
187741298204
189234458115
180970763481
134051285929
189641875308
130397827315
130459152589
134178855923
189271827220
134751367734
130258067616
189164534225
187951508165
189262149357
187826073050
189737701322
180971130959
189194760289
189341120987
130475409028
189084347981
134874057852
187585110412
187474873985
189484311043
134871741322
134360895072
189607828420
189770256700
180361113386
133100410382
133695671850
130393443789
187949969819
189268290108
133544263369
134597098133
134398823494
180728563596
189114314934
180390538892
134434222019
180994153244
130965694259
134511937797
134773245040
189191843888
133445716086
134307435298
134069120258
134534767216
180802602419
130568821921
133856865004
187387057934
134928153399
130053867801
189088213637
180803466614
130154410455
180435273735
187706515184
130857815517
130330848140
189147551628
189081437341
130424835767
189912529003
133429489347
134992385589
134078829829
180701694949
134443162956
187749464339
130451697003
187370216272
134142477350
189689823810
130326041644
187622562754
187784381270
187396444831
189633549139
130838399368
133550579353
130893441299
180011288299
134305318260
189938104496
187822359109
187535122220
187125610407
187342864507
133452240679
133681423059
189637255400
133590860934
133367047199
187662982685
180559119862
187856442296
130874192833
189946920271
130467806085
189676577181
187589319277
134110875899
187652114791
187050250011
187636126510
134317945179
134396716806
134187326353
187611332929
